timestamp;event;payload
145734253;9;0-10535
145739390;9;0-10663
145744527;9;0-10791
145749664;9;0-10919
145754801;9;0-11047
145759938;9;0-11175
145765076;9;0-11303
145770213;9;0-11431
145775350;9;0-11559
145780487;9;0-11687
145785624;9;0-11815
145790762;9;0-11943
145795899;9;0-12071
145806173;9;0-12327
145816447;9;0-12583
145826721;9;0-12839
145836996;9;0-13095
145847270;9;0-13351
