timestamp;event;payload
146538954;9;0-12201
146549229;9;0-12457
146559503;9;0-12713
146569778;9;0-12969
146580052;9;0-13225
