timestamp;event;payload
1568928877;3;44-1
1568928878;4;44-1
1568929077;3;44-2
1568929078;4;44-2
1568929278;3;44-3
1568929278;4;44-3
1568929478;3;44-4
1568929478;4;44-4
1568929678;3;44-5
1568929679;4;44-5
1568929878;3;44-6
1568929879;4;44-6
1568930078;3;44-7
1568930079;4;44-7
1568930278;3;44-8
1568930279;4;44-8
1568930478;3;44-9
1568930479;4;44-9
1568930678;3;44-10
1568930679;4;44-10
1568930879;3;44-11
1568930879;4;44-11
1568931079;3;44-12
1568931080;4;44-12
1568931279;3;44-13
1568931279;4;44-13
1568931479;3;44-14
1568931479;4;44-14
1568931679;3;44-15
1568931680;4;44-15
1568931879;3;44-16
1568931880;4;44-16
1568932079;3;44-17
1568932080;4;44-17
1568932279;3;44-18
1568932280;4;44-18
1568932479;3;44-19
1568932480;4;44-19
1568932680;3;44-20
1568932680;4;44-20
1568932880;3;44-21
1568932881;4;44-21
1568933080;3;44-22
1568933081;4;44-22
1568933280;3;44-23
1568933281;4;44-23
1568933480;3;44-24
1568933481;4;44-24
1568933680;3;44-25
1568933681;4;44-25
1568933880;3;44-26
1568933881;4;44-26
1568934081;3;44-27
1568934081;4;44-27
1568934281;3;44-28
1568934282;4;44-28
1568934481;3;44-29
1568934482;4;44-29
1568934682;3;44-30
1568934682;4;44-30
1568934882;3;44-31
1568934882;4;44-31
1568935082;3;44-32
1568935082;4;44-32
1568935282;3;44-33
1568935283;4;44-33
1568935482;3;44-34
1568935483;4;44-34
1568935682;3;44-35
1568935683;4;44-35
1568935882;3;44-36
1568935883;4;44-36
1568936082;3;44-37
1568936083;4;44-37
1568936283;3;44-38
1568936283;4;44-38
1568936483;3;44-39
1568936483;4;44-39
1568936683;3;44-40
1568936683;4;44-40
1568936883;3;44-41
1568936884;4;44-41
1568937083;3;44-42
1568937084;4;44-42
1568937283;3;44-43
1568937284;4;44-43
1568937483;3;44-44
1568937484;4;44-44
1568937683;3;44-45
1568937684;4;44-45
1568937883;3;44-46
1568937884;4;44-46
1568938083;3;44-47
1568938084;4;44-47
1568938284;3;44-48
1568938284;4;44-48
1568938484;3;44-49
1568938484;4;44-49
1568938684;3;44-50
1568938684;4;44-50
1568938884;3;44-51
1568938885;4;44-51
1568939084;3;44-52
1568939085;4;44-52
1568939284;3;44-53
1568939285;4;44-53
1568939484;3;44-54
1568939485;4;44-54
1568939684;3;44-55
1568939685;4;44-55
1568939885;3;44-56
1568939885;4;44-56
1568940085;3;44-57
1568940085;4;44-57
1568940285;3;44-58
1568940286;4;44-58
1568940485;3;44-59
1568940485;4;44-59
1568940685;3;44-60
1568940686;4;44-60
1568940885;3;44-61
1568940886;4;44-61
1568941085;3;44-62
1568941086;4;44-62
1568941285;3;44-63
1568941286;4;44-63
1568941485;3;44-64
1568941486;4;44-64
1568941686;3;44-65
1568941686;4;44-65
1568941886;3;44-66
1568941886;4;44-66
1568942086;3;44-67
1568942087;4;44-67
1568942286;3;44-68
1568942286;4;44-68
1568942486;3;44-69
1568942487;4;44-69
1568942686;3;44-70
1568942687;4;44-70
1568942886;3;44-71
1568942887;4;44-71
1568943086;3;44-72
1568943087;4;44-72
1568943286;3;44-73
1568943287;4;44-73
1568943487;3;44-74
1568943487;4;44-74
1568943687;3;44-75
1568943687;4;44-75
1568943887;3;44-76
1568943887;4;44-76
1568944087;3;44-77
1568944088;4;44-77
1568944287;3;44-78
1568944287;4;44-78
1568944487;3;44-79
1568944488;4;44-79
1568944687;3;44-80
1568944688;4;44-80
1568944887;3;44-81
1568944888;4;44-81
1568945087;3;44-82
1568945088;4;44-82
1568945288;3;44-83
1568945288;4;44-83
1568945488;3;44-84
1568945488;4;44-84
1568945688;3;44-85
1568945688;4;44-85
1568945888;3;44-86
1568945888;4;44-86
1568946088;3;44-87
1568946088;4;44-87
1568946288;3;44-88
1568946289;4;44-88
1568946488;3;44-89
1568946489;4;44-89
1568946688;3;44-90
1568946689;4;44-90
1568946888;3;44-91
1568946889;4;44-91
1568947088;3;44-92
1568947089;4;44-92
1568947289;3;44-93
1568947289;4;44-93
1568947489;3;44-94
1568947489;4;44-94
1568947689;3;44-95
1568947689;4;44-95
1568947889;3;44-96
1568947890;4;44-96
1568948089;3;44-97
1568948090;4;44-97
1568948289;3;44-98
1568948290;4;44-98
1568948489;3;44-99
1568948490;4;44-99
1568948689;3;44-100
1568948690;4;44-100
1568948889;3;44-101
1568948890;4;44-101
1568949090;3;44-102
1568949090;4;44-102
1568949290;3;44-103
1568949290;4;44-103
1568949490;3;44-104
1568949491;4;44-104
1568949690;3;44-105
1568949690;4;44-105
1568949890;3;44-106
1568949891;4;44-106
1568950090;3;44-107
1568950091;4;44-107
1568950290;3;44-108
1568950291;4;44-108
1568950490;3;44-109
1568950491;4;44-109
1568950691;3;44-110
1568950691;4;44-110
1568950891;3;44-111
1568950891;4;44-111
1568951091;3;44-112
1568951091;4;44-112
1568951291;3;44-113
1568951292;4;44-113
1568951491;3;44-114
1568951491;4;44-114
1568951691;3;44-115
1568951692;4;44-115
1568951891;3;44-116
1568951892;4;44-116
1568952091;3;44-117
1568952092;4;44-117
1568952291;3;44-118
1568952292;4;44-118
1568952491;3;44-119
1568952492;4;44-119
1568952692;3;44-120
1568952692;4;44-120
1568952892;3;44-121
1568952892;4;44-121
1568953092;3;44-122
1568953092;4;44-122
1568953292;3;44-123
1568953292;4;44-123
1568953492;3;44-124
1568953493;4;44-124
1568953692;3;44-125
1568953693;4;44-125
1568953892;3;44-126
1568953893;4;44-126
1568954092;3;44-127
1568954093;4;44-127
1568954292;3;44-128
1568954293;4;44-128
1568954493;3;44-129
1568954493;4;44-129
1568954693;3;44-130
1568954693;4;44-130
1568954893;3;44-131
1568954894;4;44-131
1568955093;3;44-132
1568955094;4;44-132
1568955293;3;44-133
1568955294;4;44-133
1568955493;3;44-134
1568955494;4;44-134
1568955693;3;44-135
1568955694;4;44-135
1568955893;3;44-136
1568955894;4;44-136
1568956093;3;44-137
1568956094;4;44-137
1568956294;3;44-138
1568956294;4;44-138
1568956494;3;44-139
1568956494;4;44-139
1568956694;3;44-140
1568956695;4;44-140
1568956894;3;44-141
1568956894;4;44-141
1568957094;3;44-142
1568957095;4;44-142
1568957294;3;44-143
1568957295;4;44-143
1568957494;3;44-144
1568957495;4;44-144
1568957694;3;44-145
1568957695;4;44-145
1568957895;3;44-146
1568957895;4;44-146
1568958095;3;44-147
1568958096;4;44-147
1568958295;3;44-148
1568958295;4;44-148
1568958495;3;44-149
1568958496;4;44-149
1568958695;3;44-150
1568958696;4;44-150
1568958895;3;44-151
1568958896;4;44-151
1568959095;3;44-152
1568959096;4;44-152
1568959296;3;44-153
1568959296;4;44-153
1568959496;3;44-154
1568959496;4;44-154
1568959696;3;44-155
1568959696;4;44-155
1568959896;3;44-156
1568959896;4;44-156
1568960096;3;44-157
1568960096;4;44-157
1568960296;3;44-158
1568960297;4;44-158
1568960496;3;44-159
1568960497;4;44-159
1568960696;3;44-160
1568960697;4;44-160
1568960896;3;44-161
1568960897;4;44-161
1568961097;3;44-162
1568961097;4;44-162
1568961297;3;44-163
1568961297;4;44-163
1568961497;3;44-164
1568961497;4;44-164
1568961697;3;44-165
1568961698;4;44-165
1568961897;3;44-166
1568961897;4;44-166
1568962097;3;44-167
1568962098;4;44-167
1568962297;3;44-168
1568962298;4;44-168
1568962497;3;44-169
1568962498;4;44-169
1568962697;3;44-170
1568962698;4;44-170
1568962898;3;44-171
1568962898;4;44-171
1568963098;3;44-172
1568963098;4;44-172
1568963298;3;44-173
1568963298;4;44-173
1568963498;3;44-174
1568963498;4;44-174
1568963698;3;44-175
1568963699;4;44-175
1568963898;3;44-176
1568963899;4;44-176
1568964098;3;44-177
1568964099;4;44-177
1568964298;3;44-178
1568964299;4;44-178
1568964499;3;44-179
1568964499;4;44-179
1568964699;3;44-180
1568964699;4;44-180
1568964899;3;44-181
1568964899;4;44-181
1568965099;3;44-182
1568965099;4;44-182
1568965299;3;44-183
1568965300;4;44-183
1568965499;3;44-184
1568965500;4;44-184
1568965699;3;44-185
1568965700;4;44-185
1568965899;3;44-186
1568965900;4;44-186
1568966099;3;44-187
1568966100;4;44-187
1568966300;3;44-188
1568966300;4;44-188
1568966500;3;44-189
1568966500;4;44-189
1568966700;3;44-190
1568966701;4;44-190
1568966900;3;44-191
1568966901;4;44-191
1568967100;3;44-192
1568967100;4;44-192
1568967300;3;44-193
1568967301;4;44-193
1568967500;3;44-194
1568967501;4;44-194
1568967700;3;44-195
1568967701;4;44-195
1568967900;3;44-196
1568967901;4;44-196
1568968100;3;44-197
1568968101;4;44-197
1568968301;3;44-198
1568968301;4;44-198
1568968501;3;44-199
1568968501;4;44-199
1568968701;3;44-200
1568968701;4;44-200
1568968901;3;44-201
1568968901;4;44-201
1568969101;3;44-202
1568969102;4;44-202
1568969301;3;44-203
1568969302;4;44-203
1568969501;3;44-204
1568969502;4;44-204
1568969701;3;44-205
1568969702;4;44-205
1568969901;3;44-206
1568969902;4;44-206
1568970102;3;44-207
1568970102;4;44-207
1568970302;3;44-208
1568970302;4;44-208
1568970502;3;44-209
1568970502;4;44-209
1568970702;3;44-210
1568970702;4;44-210
1568970902;3;44-211
1568970902;4;44-211
1568971102;3;44-212
1568971103;4;44-212
1568971302;3;44-213
1568971303;4;44-213
1568971502;3;44-214
1568971503;4;44-214
1568971702;3;44-215
1568971703;4;44-215
1568971903;3;44-216
1568971903;4;44-216
1568972103;3;44-217
1568972103;4;44-217
1568972303;3;44-218
1568972303;4;44-218
1568972503;3;44-219
1568972503;4;44-219
1568972703;3;44-220
1568972703;4;44-220
1568972903;3;44-221
1568972904;4;44-221
1568973103;3;44-222
1568973104;4;44-222
1568973303;3;44-223
1568973304;4;44-223
1568973503;3;44-224
1568973504;4;44-224
1568973703;3;44-225
1568973704;4;44-225
1568973904;3;44-226
1568973904;4;44-226
1568974104;3;44-227
1568974104;4;44-227
1568974304;3;44-228
1568974304;4;44-228
1568974504;3;44-229
1568974504;4;44-229
1568974704;3;44-230
1568974704;4;44-230
1568974904;3;44-231
1568974905;4;44-231
1568975104;3;44-232
1568975105;4;44-232
1568975304;3;44-233
1568975305;4;44-233
1568975504;3;44-234
1568975505;4;44-234
1568975705;3;44-235
1568975705;4;44-235
1568975905;3;44-236
1568975905;4;44-236
1568976105;3;44-237
1568976105;4;44-237
1568976305;3;44-238
1568976305;4;44-238
1568976505;3;44-239
1568976506;4;44-239
1568976705;3;44-240
1568976706;4;44-240
1568976905;3;44-241
1568976906;4;44-241
1568977105;3;44-242
1568977106;4;44-242
1568977305;3;44-243
1568977306;4;44-243
1568977506;3;44-244
1568977506;4;44-244
1568977706;3;44-245
1568977706;4;44-245
1568977906;3;44-246
1568977906;4;44-246
1568978106;3;44-247
1568978106;4;44-247
1568978306;3;44-248
1568978307;4;44-248
1568978506;3;44-249
1568978507;4;44-249
1568978706;3;44-250
1568978707;4;44-250
1568978906;3;44-251
1568978907;4;44-251
1568979106;3;44-252
1568979107;4;44-252
1568979307;3;44-253
1568979307;4;44-253
1568979507;3;44-254
1568979508;4;44-254
1568979707;3;44-255
1568979707;4;44-255
1568979907;3;44-256
1568979908;4;44-256
1568980107;3;44-257
1568980108;4;44-257
1568980307;3;44-258
1568980308;4;44-258
1568980507;3;44-259
1568980508;4;44-259
1568980707;3;44-260
1568980708;4;44-260
1568980908;3;44-261
1568980908;4;44-261
1568981108;3;44-262
1568981108;4;44-262
1568981308;3;44-263
1568981308;4;44-263
1568981508;3;44-264
1568981508;4;44-264
1568981708;3;44-265
1568981709;4;44-265
1568981908;3;44-266
1568981909;4;44-266
1568982108;3;44-267
1568982109;4;44-267
1568982308;3;44-268
1568982309;4;44-268
1568982509;3;44-269
1568982509;4;44-269
1568982709;3;44-270
1568982709;4;44-270
1568982909;3;44-271
1568982909;4;44-271
1568983109;3;44-272
1568983109;4;44-272
1568983309;3;44-273
1568983310;4;44-273
1568983509;3;44-274
1568983510;4;44-274
1568983709;3;44-275
1568983710;4;44-275
1568983909;3;44-276
1568983910;4;44-276
1568984109;3;44-277
1568984110;4;44-277
1568984310;3;44-278
1568984310;4;44-278
1568984510;3;44-279
1568984510;4;44-279
1568984710;3;44-280
1568984710;4;44-280
1568984910;3;44-281
1568984910;4;44-281
1568985110;3;44-282
1568985110;4;44-282
1568985310;3;44-283
1568985311;4;44-283
1568985510;3;44-284
1568985511;4;44-284
1568985710;3;44-285
1568985711;4;44-285
1568985910;3;44-286
1568985911;4;44-286
1568986110;3;44-287
1568986111;4;44-287
1568986311;3;44-288
1568986311;4;44-288
1568986511;3;44-289
1568986511;4;44-289
1568986711;3;44-290
1568986711;4;44-290
1568986911;3;44-291
1568986911;4;44-291
1568987111;3;44-292
1568987111;4;44-292
1568987311;3;44-293
1568987312;4;44-293
1568987511;3;44-294
1568987512;4;44-294
1568987711;3;44-295
1568987712;4;44-295
1568987911;3;44-296
1568987912;4;44-296
1568988112;3;44-297
1568988112;4;44-297
1568988312;3;44-298
1568988312;4;44-298
1568988512;3;44-299
1568988512;4;44-299
1568988712;3;44-300
1568988712;4;44-300
1568988912;3;44-301
1568988913;4;44-301
1568989112;3;44-302
1568989113;4;44-302
1568989312;3;44-303
1568989313;4;44-303
1568989512;3;44-304
1568989513;4;44-304
1568989712;3;44-305
1568989713;4;44-305
1568989913;3;44-306
1568989913;4;44-306
1568990113;3;44-307
1568990113;4;44-307
1568990313;3;44-308
1568990313;4;44-308
1568990513;3;44-309
1568990513;4;44-309
1568990713;3;44-310
1568990713;4;44-310
1568990913;3;44-311
1568990914;4;44-311
1568991113;3;44-312
1568991113;4;44-312
1568991313;3;44-313
1568991314;4;44-313
1568991513;3;44-314
1568991514;4;44-314
1568991713;3;44-315
1568991714;4;44-315
1568991914;3;44-316
1568991914;4;44-316
1568992114;3;44-317
1568992114;4;44-317
1568992314;3;44-318
1568992314;4;44-318
1568992514;3;44-319
1568992515;4;44-319
1568992714;3;44-320
1568992715;4;44-320
1568992914;3;44-321
1568992915;4;44-321
1568993114;3;44-322
1568993115;4;44-322
1568993314;3;44-323
1568993315;4;44-323
1568993514;3;44-324
1568993515;4;44-324
1568993714;3;44-325
1568993715;4;44-325
1568993915;3;44-326
1568993915;4;44-326
1568994115;3;44-327
1568994115;4;44-327
1568994315;3;44-328
1568994315;4;44-328
1568994515;3;44-329
1568994515;4;44-329
1568994715;3;44-330
1568994716;4;44-330
1568994915;3;44-331
1568994916;4;44-331
1568995115;3;44-332
1568995116;4;44-332
1568995315;3;44-333
1568995316;4;44-333
1568995515;3;44-334
1568995516;4;44-334
1568995716;3;44-335
1568995716;4;44-335
1568995916;3;44-336
1568995916;4;44-336
1568996116;3;44-337
1568996116;4;44-337
1568996316;3;44-338
1568996317;4;44-338
1568996516;3;44-339
1568996517;4;44-339
1568996716;3;44-340
1568996717;4;44-340
1568996916;3;44-341
1568996917;4;44-341
1568997117;3;44-342
1568997117;4;44-342
1568997317;3;44-343
1568997317;4;44-343
1568997517;3;44-344
1568997517;4;44-344
1568997717;3;44-345
1568997717;4;44-345
1568997917;3;44-346
1568997918;4;44-346
1568998117;3;44-347
1568998118;4;44-347
1568998317;3;44-348
1568998318;4;44-348
1568998517;3;44-349
1568998518;4;44-349
1568998717;3;44-350
1568998718;4;44-350
1568998918;3;44-351
1568998918;4;44-351
1568999118;3;44-352
1568999118;4;44-352
1568999318;3;44-353
1568999318;4;44-353
1568999518;3;44-354
1568999519;4;44-354
1568999718;3;44-355
1568999719;4;44-355
1568999918;3;44-356
1568999919;4;44-356
1569000118;3;44-357
1569000119;4;44-357
1569000318;3;44-358
1569000319;4;44-358
1569000519;3;44-359
1569000519;4;44-359
1569000719;3;44-360
1569000719;4;44-360
1569000919;3;44-361
1569000919;4;44-361
1569001119;3;44-362
1569001120;4;44-362
1569001319;3;44-363
1569001320;4;44-363
1569001519;3;44-364
1569001520;4;44-364
1569001719;3;44-365
1569001720;4;44-365
1569001919;3;44-366
1569001920;4;44-366
1569002119;3;44-367
1569002120;4;44-367
1569002320;3;44-368
1569002320;4;44-368
1569002520;3;44-369
1569002520;4;44-369
1569002720;3;44-370
1569002720;4;44-370
1569002920;3;44-371
1569002920;4;44-371
1569003120;3;44-372
1569003121;4;44-372
1569003320;3;44-373
1569003321;4;44-373
1569003520;3;44-374
1569003521;4;44-374
1569003720;3;44-375
1569003721;4;44-375
1569003920;3;44-376
1569003921;4;44-376
1569004121;3;44-377
1569004121;4;44-377
1569004321;3;44-378
1569004321;4;44-378
1569004521;3;44-379
1569004521;4;44-379
1569004721;3;44-380
1569004721;4;44-380
1569004932;3;44-381
1569004932;4;44-381
1569005132;3;44-382
1569005132;4;44-382
1569005332;3;44-383
1569005332;4;44-383
1569005532;3;44-384
1569005533;4;44-384
1569005732;3;44-385
1569005733;4;44-385
1569005932;3;44-386
1569005933;4;44-386
1569006132;3;44-387
1569006133;4;44-387
1569006332;3;44-388
1569006333;4;44-388
1569006532;3;44-389
1569006533;4;44-389
1569006733;3;44-390
1569006733;4;44-390
1569006933;3;44-391
1569006933;4;44-391
1569007133;3;44-392
1569007133;4;44-392
1569007333;3;44-393
1569007334;4;44-393
1569007533;3;44-394
1569007533;4;44-394
1569007733;3;44-395
1569007734;4;44-395
1569007933;3;44-396
1569007934;4;44-396
1569008133;3;44-397
1569008134;4;44-397
1569008333;3;44-398
1569008334;4;44-398
1569008534;3;44-399
1569008534;4;44-399
1569008734;3;44-400
1569008734;4;44-400
1569008934;3;44-401
1569008934;4;44-401
1569009134;3;44-402
1569009134;4;44-402
1569009334;3;44-403
1569009335;4;44-403
1569009534;3;44-404
1569009535;4;44-404
1569009734;3;44-405
1569009735;4;44-405
1569009934;3;44-406
1569009935;4;44-406
1569010134;3;44-407
1569010135;4;44-407
1569010334;3;44-408
1569010335;4;44-408
1569010535;3;44-409
1569010535;4;44-409
1569010735;3;44-410
1569010735;4;44-410
1569010935;3;44-411
1569010935;4;44-411
1569011135;3;44-412
1569011135;4;44-412
1569011335;3;44-413
1569011335;4;44-413
1569011535;3;44-414
1569011535;4;44-414
1569011735;3;44-415
1569011736;4;44-415
1569011935;3;44-416
1569011936;4;44-416
1569012135;3;44-417
1569012136;4;44-417
1569012335;3;44-418
1569012336;4;44-418
1569012536;3;44-419
1569012536;4;44-419
1569012736;3;44-420
1569012736;4;44-420
1569012936;3;44-421
1569012936;4;44-421
1569013136;3;44-422
1569013137;4;44-422
1569013336;3;44-423
1569013336;4;44-423
1569013536;3;44-424
1569013537;4;44-424
1569013736;3;44-425
1569013737;4;44-425
1569013936;3;44-426
1569013937;4;44-426
1569014136;3;44-427
1569014137;4;44-427
1569014336;3;44-428
1569014337;4;44-428
1569014537;3;44-429
1569014537;4;44-429
1569014737;3;44-430
1569014737;4;44-430
1569014937;3;44-431
1569014937;4;44-431
1569015137;3;44-432
1569015137;4;44-432
1569015337;3;44-433
1569015337;4;44-433
1569015537;3;44-434
1569015538;4;44-434
1569015737;3;44-435
1569015738;4;44-435
1569015937;3;44-436
1569015938;4;44-436
1569016137;3;44-437
1569016138;4;44-437
1569016337;3;44-438
1569016338;4;44-438
1569016538;3;44-439
1569016538;4;44-439
1569016738;3;44-440
1569016738;4;44-440
1569016938;3;44-441
1569016938;4;44-441
1569017138;3;44-442
1569017138;4;44-442
1569017338;3;44-443
1569017338;4;44-443
1569017538;3;44-444
1569017539;4;44-444
1569017738;3;44-445
1569017739;4;44-445
1569017938;3;44-446
1569017939;4;44-446
1569018138;3;44-447
1569018139;4;44-447
1569018338;3;44-448
1569018339;4;44-448
1569018539;3;44-449
1569018539;4;44-449
1569018739;3;44-450
1569018739;4;44-450
1569018939;3;44-451
1569018939;4;44-451
1569019139;3;44-452
1569019139;4;44-452
1569019339;3;44-453
1569019340;4;44-453
1569019539;3;44-454
1569019539;4;44-454
1569019739;3;44-455
1569019740;4;44-455
1569019939;3;44-456
1569019940;4;44-456
1569020139;3;44-457
1569020140;4;44-457
1569020339;3;44-458
1569020340;4;44-458
1569020540;3;44-459
1569020540;4;44-459
1569020740;3;44-460
1569020740;4;44-460
1569020940;3;44-461
1569020940;4;44-461
1569021140;3;44-462
1569021140;4;44-462
1569021340;3;44-463
1569021340;4;44-463
1569021540;3;44-464
1569021541;4;44-464
1569021740;3;44-465
1569021741;4;44-465
1569021940;3;44-466
1569021941;4;44-466
1569022140;3;44-467
1569022141;4;44-467
1569022340;3;44-468
1569022341;4;44-468
1569022541;3;44-469
1569022541;4;44-469
1569022741;3;44-470
1569022741;4;44-470
1569022941;3;44-471
1569022941;4;44-471
1569023141;3;44-472
1569023141;4;44-472
1569023341;3;44-473
1569023342;4;44-473
1569023541;3;44-474
1569023542;4;44-474
1569023741;3;44-475
1569023742;4;44-475
1569023941;3;44-476
1569023942;4;44-476
1569024141;3;44-477
1569024142;4;44-477
1569024342;3;44-478
1569024342;4;44-478
1569024542;3;44-479
1569024542;4;44-479
1569024742;3;44-480
1569024742;4;44-480
1569024942;3;44-481
1569024942;4;44-481
1569025142;3;44-482
1569025142;4;44-482
1569025342;3;44-483
1569025342;4;44-483
1569025542;3;44-484
1569025543;4;44-484
1569025742;3;44-485
1569025743;4;44-485
1569025942;3;44-486
1569025943;4;44-486
1569026142;3;44-487
1569026143;4;44-487
1569026343;3;44-488
1569026343;4;44-488
1569026543;3;44-489
1569026543;4;44-489
1569026743;3;44-490
1569026743;4;44-490
1569026943;3;44-491
1569026943;4;44-491
1569027143;3;44-492
1569027144;4;44-492
1569027343;3;44-493
1569027344;4;44-493
1569027543;3;44-494
1569027544;4;44-494
1569027743;3;44-495
1569027744;4;44-495
1569027943;3;44-496
1569027944;4;44-496
1569028143;3;44-497
1569028144;4;44-497
1569028344;3;44-498
1569028344;4;44-498
1569028544;3;44-499
1569028544;4;44-499
1569028744;3;44-500
1569028744;4;44-500
1569028944;3;44-501
1569028944;4;44-501
1569029144;3;44-502
1569029144;4;44-502
1569029344;3;44-503
1569029345;4;44-503
1569029544;3;44-504
1569029545;4;44-504
1569029744;3;44-505
1569029745;4;44-505
1569029944;3;44-506
1569029945;4;44-506
1569030144;3;44-507
1569030145;4;44-507
1569030345;3;44-508
1569030345;4;44-508
1569030545;3;44-509
1569030545;4;44-509
1569030745;3;44-510
1569030745;4;44-510
1569030945;3;44-511
1569030946;4;44-511
1569031145;3;44-512
1569031145;4;44-512
1569031345;3;44-513
1569031346;4;44-513
1569031545;3;44-514
1569031546;4;44-514
1569031745;3;44-515
1569031746;4;44-515
1569031945;3;44-516
1569031946;4;44-516
1569032146;3;44-517
1569032146;4;44-517
1569032346;3;44-518
1569032346;4;44-518
1569032546;3;44-519
1569032546;4;44-519
1569032746;3;44-520
1569032746;4;44-520
1569032946;3;44-521
1569032946;4;44-521
1569033146;3;44-522
1569033147;4;44-522
1569033346;3;44-523
1569033347;4;44-523
1569033546;3;44-524
1569033547;4;44-524
1569033746;3;44-525
1569033747;4;44-525
1569033946;3;44-526
1569033947;4;44-526
1569034147;3;44-527
1569034147;4;44-527
1569034347;3;44-528
1569034347;4;44-528
1569034547;3;44-529
1569034547;4;44-529
1569034747;3;44-530
1569034747;4;44-530
1569034947;3;44-531
1569034948;4;44-531
1569035147;3;44-532
1569035147;4;44-532
1569035347;3;44-533
1569035348;4;44-533
1569035547;3;44-534
1569035548;4;44-534
1569035747;3;44-535
1569035748;4;44-535
1569035947;3;44-536
1569035948;4;44-536
1569036148;3;44-537
1569036148;4;44-537
1569036348;3;44-538
1569036348;4;44-538
1569036548;3;44-539
1569036548;4;44-539
1569036748;3;44-540
1569036748;4;44-540
1569036948;3;44-541
1569036949;4;44-541
1569037148;3;44-542
1569037149;4;44-542
1569037348;3;44-543
1569037349;4;44-543
1569037548;3;44-544
1569037549;4;44-544
1569037748;3;44-545
1569037749;4;44-545
1569037948;3;44-546
1569037949;4;44-546
1569038149;3;44-547
1569038149;4;44-547
1569038349;3;44-548
1569038349;4;44-548
1569038549;3;44-549
1569038549;4;44-549
1569038749;3;44-550
1569038749;4;44-550
1569038949;3;44-551
1569038950;4;44-551
1569039149;3;44-552
1569039149;4;44-552
1569039349;3;44-553
1569039350;4;44-553
1569039549;3;44-554
1569039550;4;44-554
1569039749;3;44-555
1569039750;4;44-555
1569039949;3;44-556
1569039950;4;44-556
1569040150;3;44-557
1569040150;4;44-557
1569040350;3;44-558
1569040350;4;44-558
1569040550;3;44-559
1569040550;4;44-559
1569040750;3;44-560
1569040750;4;44-560
1569040950;3;44-561
1569040950;4;44-561
1569041150;3;44-562
1569041151;4;44-562
1569041350;3;44-563
1569041351;4;44-563
1569041550;3;44-564
1569041551;4;44-564
1569041750;3;44-565
1569041751;4;44-565
1569041950;3;44-566
1569041951;4;44-566
1569042151;3;44-567
1569042151;4;44-567
1569042351;3;44-568
1569042351;4;44-568
1569042551;3;44-569
1569042551;4;44-569
1569042751;3;44-570
1569042751;4;44-570
1569042951;3;44-571
1569042952;4;44-571
1569043151;3;44-572
1569043152;4;44-572
1569043351;3;44-573
1569043352;4;44-573
1569043551;3;44-574
1569043552;4;44-574
1569043751;3;44-575
1569043752;4;44-575
1569043951;3;44-576
1569043952;4;44-576
1569044152;3;44-577
1569044152;4;44-577
1569044352;3;44-578
1569044352;4;44-578
1569044552;3;44-579
1569044552;4;44-579
1569044752;3;44-580
1569044753;4;44-580
1569044952;3;44-581
1569044953;4;44-581
1569045152;3;44-582
1569045153;4;44-582
1569045352;3;44-583
1569045353;4;44-583
1569045552;3;44-584
1569045553;4;44-584
1569045752;3;44-585
1569045753;4;44-585
1569045953;3;44-586
1569045953;4;44-586
1569046153;3;44-587
1569046153;4;44-587
1569046353;3;44-588
1569046353;4;44-588
1569046553;3;44-589
1569046553;4;44-589
1569046753;3;44-590
1569046753;4;44-590
1569046953;3;44-591
1569046954;4;44-591
1569047153;3;44-592
1569047154;4;44-592
1569047353;3;44-593
1569047354;4;44-593
1569047553;3;44-594
1569047554;4;44-594
1569047754;3;44-595
1569047754;4;44-595
1569047954;3;44-596
1569047954;4;44-596
1569048154;3;44-597
1569048154;4;44-597
1569048354;3;44-598
1569048354;4;44-598
1569048554;3;44-599
1569048554;4;44-599
1569048754;3;44-600
1569048754;4;44-600
1569048954;3;44-601
1569048955;4;44-601
1569049154;3;44-602
1569049155;4;44-602
1569049354;3;44-603
1569049355;4;44-603
1569049554;3;44-604
1569049555;4;44-604
1569049755;3;44-605
1569049755;4;44-605
1569049955;3;44-606
1569049955;4;44-606
1569050155;3;44-607
1569050155;4;44-607
1569050355;3;44-608
1569050355;4;44-608
1569050555;3;44-609
1569050555;4;44-609
1569050755;3;44-610
1569050755;4;44-610
1569050955;3;44-611
1569050955;4;44-611
1569051155;3;44-612
1569051155;4;44-612
1569051355;3;44-613
1569051356;4;44-613
1569051555;3;44-614
1569051556;4;44-614
1569051755;3;44-615
1569051756;4;44-615
1569051956;3;44-616
1569051956;4;44-616
1569052156;3;44-617
1569052156;4;44-617
1569052356;3;44-618
1569052356;4;44-618
1569052556;3;44-619
1569052556;4;44-619
1569052756;3;44-620
1569052756;4;44-620
1569052956;3;44-621
1569052956;4;44-621
1569053156;3;44-622
1569053157;4;44-622
1569053356;3;44-623
1569053357;4;44-623
1569053556;3;44-624
1569053557;4;44-624
1569053756;3;44-625
1569053757;4;44-625
1569053956;3;44-626
1569053957;4;44-626
1569054157;3;44-627
1569054157;4;44-627
1569054357;3;44-628
1569054357;4;44-628
1569054557;3;44-629
1569054557;4;44-629
1569054757;3;44-630
1569054757;4;44-630
1569054957;3;44-631
1569054957;4;44-631
1569055157;3;44-632
1569055157;4;44-632
1569055357;3;44-633
1569055357;4;44-633
1569055557;3;44-634
1569055557;4;44-634
1569055757;3;44-635
1569055758;4;44-635
1569055957;3;44-636
1569055958;4;44-636
1569056157;3;44-637
1569056158;4;44-637
1569056357;3;44-638
1569056358;4;44-638
1569056558;3;44-639
1569056558;4;44-639
1569056758;3;44-640
1569056758;4;44-640
1569056958;3;44-641
1569056958;4;44-641
1569057158;3;44-642
1569057158;4;44-642
1569057358;3;44-643
1569057358;4;44-643
1569057558;3;44-644
1569057558;4;44-644
1569057758;3;44-645
1569057758;4;44-645
1569057958;3;44-646
1569057958;4;44-646
1569058158;3;44-647
1569058158;4;44-647
1569058358;3;44-648
1569058358;4;44-648
1569058558;3;44-649
1569058559;4;44-649
1569058758;3;44-650
1569058759;4;44-650
1569058958;3;44-651
1569058959;4;44-651
1569059159;3;44-652
1569059159;4;44-652
1569059359;3;44-653
1569059359;4;44-653
1569059559;3;44-654
1569059559;4;44-654
1569059759;3;44-655
1569059759;4;44-655
1569059959;3;44-656
1569059959;4;44-656
1569060159;3;44-657
1569060159;4;44-657
1569060359;3;44-658
1569060359;4;44-658
1569060559;3;44-659
1569060559;4;44-659
1569060759;3;44-660
1569060759;4;44-660
1569060959;3;44-661
1569060959;4;44-661
1569061159;3;44-662
1569061160;4;44-662
1569061359;3;44-663
1569061360;4;44-663
1569061560;3;44-664
1569061560;4;44-664
1569061760;3;44-665
1569061760;4;44-665
1569061960;3;44-666
1569061960;4;44-666
1569062160;3;44-667
1569062160;4;44-667
1569062360;3;44-668
1569062360;4;44-668
1569062560;3;44-669
1569062560;4;44-669
1569062760;3;44-670
1569062760;4;44-670
1569062960;3;44-671
1569062960;4;44-671
1569063160;3;44-672
1569063160;4;44-672
1569063360;3;44-673
1569063360;4;44-673
1569063560;3;44-674
1569063561;4;44-674
1569063760;3;44-675
1569063761;4;44-675
1569063960;3;44-676
1569063961;4;44-676
1569064161;3;44-677
1569064161;4;44-677
1569064361;3;44-678
1569064361;4;44-678
1569064561;3;44-679
1569064561;4;44-679
1569064761;3;44-680
1569064761;4;44-680
1569064961;3;44-681
1569064961;4;44-681
1569065161;3;44-682
1569065161;4;44-682
1569065361;3;44-683
1569065361;4;44-683
1569065561;3;44-684
1569065561;4;44-684
1569065761;3;44-685
1569065761;4;44-685
1569065961;3;44-686
1569065961;4;44-686
1569066161;3;44-687
1569066162;4;44-687
1569066361;3;44-688
1569066362;4;44-688
1569066562;3;44-689
1569066562;4;44-689
1569066762;3;44-690
1569066762;4;44-690
1569066962;3;44-691
1569066962;4;44-691
1569067162;3;44-692
1569067162;4;44-692
1569067362;3;44-693
1569067362;4;44-693
1569067562;3;44-694
1569067562;4;44-694
1569067762;3;44-695
1569067762;4;44-695
1569067962;3;44-696
1569067962;4;44-696
1569068162;3;44-697
1569068162;4;44-697
1569068362;3;44-698
1569068363;4;44-698
1569068562;3;44-699
1569068563;4;44-699
1569068762;3;44-700
1569068763;4;44-700
1569068963;3;44-701
1569068963;4;44-701
1569069163;3;44-702
1569069163;4;44-702
1569069363;3;44-703
1569069363;4;44-703
1569069563;3;44-704
1569069563;4;44-704
1569069763;3;44-705
1569069763;4;44-705
1569069963;3;44-706
1569069963;4;44-706
1569070163;3;44-707
1569070163;4;44-707
1569070363;3;44-708
1569070363;4;44-708
1569070563;3;44-709
1569070563;4;44-709
1569070763;3;44-710
1569070764;4;44-710
1569070963;3;44-711
1569070964;4;44-711
1569071163;3;44-712
1569071164;4;44-712
1569071364;3;44-713
1569071364;4;44-713
1569071564;3;44-714
1569071564;4;44-714
1569071764;3;44-715
1569071764;4;44-715
1569071964;3;44-716
1569071964;4;44-716
1569072164;3;44-717
1569072164;4;44-717
1569072364;3;44-718
1569072364;4;44-718
1569072564;3;44-719
1569072564;4;44-719
1569072764;3;44-720
1569072764;4;44-720
1569072964;3;44-721
1569072964;4;44-721
1569073164;3;44-722
1569073165;4;44-722
1569073364;3;44-723
1569073365;4;44-723
1569073564;3;44-724
1569073565;4;44-724
1569073765;3;44-725
1569073765;4;44-725
1569073965;3;44-726
1569073965;4;44-726
1569074165;3;44-727
1569074165;4;44-727
1569074365;3;44-728
1569074365;4;44-728
1569074565;3;44-729
1569074565;4;44-729
1569074765;3;44-730
1569074765;4;44-730
1569074965;3;44-731
1569074965;4;44-731
1569075165;3;44-732
1569075165;4;44-732
1569075365;3;44-733
1569075366;4;44-733
1569075565;3;44-734
1569075566;4;44-734
1569075765;3;44-735
1569075766;4;44-735
1569075966;3;44-736
1569075966;4;44-736
1569076166;3;44-737
1569076166;4;44-737
1569076366;3;44-738
1569076366;4;44-738
1569076566;3;44-739
1569076566;4;44-739
1569076766;3;44-740
1569076766;4;44-740
1569076966;3;44-741
1569076966;4;44-741
1569077166;3;44-742
1569077167;4;44-742
1569077366;3;44-743
1569077367;4;44-743
1569077566;3;44-744
1569077567;4;44-744
1569077766;3;44-745
1569077767;4;44-745
1569077967;3;44-746
1569077967;4;44-746
1569078167;3;44-747
1569078167;4;44-747
1569078367;3;44-748
1569078367;4;44-748
1569078567;3;44-749
1569078567;4;44-749
1569078767;3;44-750
1569078767;4;44-750
1569078967;3;44-751
1569078967;4;44-751
1569079167;3;44-752
1569079168;4;44-752
1569079367;3;44-753
1569079368;4;44-753
1569079567;3;44-754
1569079568;4;44-754
1569079768;3;44-755
1569079768;4;44-755
1569079968;3;44-756
1569079968;4;44-756
1569080168;3;44-757
1569080168;4;44-757
1569080368;3;44-758
1569080368;4;44-758
1569080568;3;44-759
1569080568;4;44-759
1569080768;3;44-760
1569080769;4;44-760
1569080968;3;44-761
1569080969;4;44-761
1569081168;3;44-762
1569081169;4;44-762
1569081368;3;44-763
1569081369;4;44-763
1569081568;3;44-764
1569081569;4;44-764
1569081769;3;44-765
1569081769;4;44-765
1569081969;3;44-766
1569081969;4;44-766
1569082169;3;44-767
1569082169;4;44-767
1569082369;3;44-768
1569082369;4;44-768
1569082569;3;44-769
1569082569;4;44-769
1569082769;3;44-770
1569082770;4;44-770
1569082969;3;44-771
1569082970;4;44-771
1569083169;3;44-772
1569083170;4;44-772
1569083369;3;44-773
1569083370;4;44-773
1569083569;3;44-774
1569083570;4;44-774
1569083770;3;44-775
1569083770;4;44-775
1569083970;3;44-776
1569083970;4;44-776
1569084170;3;44-777
1569084170;4;44-777
1569084370;3;44-778
1569084370;4;44-778
1569084570;3;44-779
1569084571;4;44-779
1569084770;3;44-780
1569084771;4;44-780
1569084970;3;44-781
1569084971;4;44-781
1569085170;3;44-782
1569085171;4;44-782
1569085370;3;44-783
1569085371;4;44-783
1569085571;3;44-784
1569085571;4;44-784
1569085771;3;44-785
1569085771;4;44-785
1569085971;3;44-786
1569085971;4;44-786
1569086171;3;44-787
1569086171;4;44-787
1569086371;3;44-788
1569086371;4;44-788
1569086571;3;44-789
1569086572;4;44-789
1569086771;3;44-790
1569086772;4;44-790
1569086971;3;44-791
1569086972;4;44-791
1569087171;3;44-792
1569087172;4;44-792
1569087372;3;44-793
1569087372;4;44-793
1569087572;3;44-794
1569087572;4;44-794
1569087772;3;44-795
1569087772;4;44-795
1569087972;3;44-796
1569087972;4;44-796
1569088172;3;44-797
1569088173;4;44-797
1569088372;3;44-798
1569088372;4;44-798
1569088572;3;44-799
1569088573;4;44-799
1569088772;3;44-800
1569088773;4;44-800
1569088972;3;44-801
1569088973;4;44-801
1569089172;3;44-802
1569089173;4;44-802
1569089373;3;44-803
1569089373;4;44-803
1569089573;3;44-804
1569089573;4;44-804
1569089773;3;44-805
1569089773;4;44-805
1569089973;3;44-806
1569089974;4;44-806
1569090173;3;44-807
1569090174;4;44-807
1569090373;3;44-808
1569090374;4;44-808
1569090573;3;44-809
1569090574;4;44-809
1569090773;3;44-810
1569090774;4;44-810
1569090973;3;44-811
1569090974;4;44-811
1569091174;3;44-812
1569091174;4;44-812
1569091374;3;44-813
1569091374;4;44-813
1569091574;3;44-814
1569091574;4;44-814
1569091774;3;44-815
1569091774;4;44-815
1569091974;3;44-816
1569091974;4;44-816
1569092174;3;44-817
1569092174;4;44-817
1569092374;3;44-818
1569092375;4;44-818
1569092574;3;44-819
1569092575;4;44-819
1569092774;3;44-820
1569092775;4;44-820
1569092974;3;44-821
1569092975;4;44-821
1569093175;3;44-822
1569093175;4;44-822
1569093375;3;44-823
1569093375;4;44-823
1569093575;3;44-824
1569093575;4;44-824
1569093775;3;44-825
1569093776;4;44-825
1569093975;3;44-826
1569093976;4;44-826
1569094175;3;44-827
1569094176;4;44-827
1569094375;3;44-828
1569094376;4;44-828
1569094575;3;44-829
1569094576;4;44-829
1569094775;3;44-830
1569094776;4;44-830
1569094976;3;44-831
1569094976;4;44-831
1569095176;3;44-832
1569095176;4;44-832
1569095376;3;44-833
1569095376;4;44-833
1569095576;3;44-834
1569095576;4;44-834
1569095776;3;44-835
1569095776;4;44-835
1569095976;3;44-836
1569095977;4;44-836
1569096176;3;44-837
1569096177;4;44-837
1569096376;3;44-838
1569096377;4;44-838
1569096576;3;44-839
1569096577;4;44-839
1569096777;3;44-840
1569096777;4;44-840
1569096977;3;44-841
1569096977;4;44-841
1569097177;3;44-842
1569097177;4;44-842
1569097377;3;44-843
1569097377;4;44-843
1569097577;3;44-844
1569097578;4;44-844
1569097777;3;44-845
1569097777;4;44-845
1569097977;3;44-846
1569097978;4;44-846
1569098177;3;44-847
1569098178;4;44-847
1569098377;3;44-848
1569098378;4;44-848
1569098577;3;44-849
1569098578;4;44-849
1569098778;3;44-850
1569098778;4;44-850
1569098978;3;44-851
1569098978;4;44-851
1569099178;3;44-852
1569099178;4;44-852
1569099378;3;44-853
1569099378;4;44-853
1569099578;3;44-854
1569099578;4;44-854
1569099778;3;44-855
1569099779;4;44-855
1569099978;3;44-856
1569099979;4;44-856
1569100178;3;44-857
1569100179;4;44-857
1569100378;3;44-858
1569100379;4;44-858
1569100578;3;44-859
1569100579;4;44-859
1569100779;3;44-860
1569100779;4;44-860
1569100979;3;44-861
1569100979;4;44-861
1569101179;3;44-862
1569101179;4;44-862
1569101379;3;44-863
1569101379;4;44-863
1569101579;3;44-864
1569101580;4;44-864
1569101779;3;44-865
1569101780;4;44-865
1569101979;3;44-866
1569101980;4;44-866
1569102179;3;44-867
1569102180;4;44-867
1569102379;3;44-868
1569102380;4;44-868
1569102579;3;44-869
1569102580;4;44-869
1569102780;3;44-870
1569102780;4;44-870
1569102980;3;44-871
1569102980;4;44-871
1569103180;3;44-872
1569103180;4;44-872
1569103380;3;44-873
1569103380;4;44-873
1569103580;3;44-874
1569103581;4;44-874
1569103780;3;44-875
1569103781;4;44-875
1569103980;3;44-876
1569103981;4;44-876
1569104180;3;44-877
1569104181;4;44-877
1569104380;3;44-878
1569104381;4;44-878
1569104581;3;44-879
1569104581;4;44-879
1569104781;3;44-880
1569104781;4;44-880
1569104981;3;44-881
1569104981;4;44-881
1569105181;3;44-882
1569105182;4;44-882
1569105381;3;44-883
1569105382;4;44-883
1569105581;3;44-884
1569105582;4;44-884
1569105781;3;44-885
1569105782;4;44-885
1569105981;3;44-886
1569105982;4;44-886
1569106181;3;44-887
1569106182;4;44-887
1569106382;3;44-888
1569106382;4;44-888
1569106582;3;44-889
1569106582;4;44-889
1569106782;3;44-890
1569106782;4;44-890
1569106982;3;44-891
1569106982;4;44-891
1569107182;3;44-892
1569107183;4;44-892
1569107382;3;44-893
1569107383;4;44-893
1569107582;3;44-894
1569107583;4;44-894
1569107782;3;44-895
1569107783;4;44-895
1569107982;3;44-896
1569107983;4;44-896
1569108183;3;44-897
1569108183;4;44-897
1569108383;3;44-898
1569108383;4;44-898
1569108583;3;44-899
1569108583;4;44-899
1569108783;3;44-900
1569108783;4;44-900
1569108983;3;44-901
1569108983;4;44-901
1569109183;3;44-902
1569109184;4;44-902
1569109383;3;44-903
1569109384;4;44-903
1569109583;3;44-904
1569109584;4;44-904
1569109783;3;44-905
1569109784;4;44-905
1569109983;3;44-906
1569109984;4;44-906
1569110184;3;44-907
1569110184;4;44-907
1569110384;3;44-908
1569110384;4;44-908
1569110584;3;44-909
1569110584;4;44-909
1569110784;3;44-910
1569110784;4;44-910
1569110984;3;44-911
1569110984;4;44-911
1569111184;3;44-912
1569111184;4;44-912
1569111384;3;44-913
1569111384;4;44-913
1569111584;3;44-914
1569111585;4;44-914
1569111784;3;44-915
1569111785;4;44-915
1569111984;3;44-916
1569111985;4;44-916
1569112184;3;44-917
1569112185;4;44-917
1569112385;3;44-918
1569112385;4;44-918
1569112585;3;44-919
1569112585;4;44-919
1569112785;3;44-920
1569112785;4;44-920
1569112985;3;44-921
1569112985;4;44-921
1569113185;3;44-922
1569113185;4;44-922
1569113385;3;44-923
1569113385;4;44-923
1569113585;3;44-924
1569113585;4;44-924
1569113785;3;44-925
1569113786;4;44-925
1569113985;3;44-926
1569113986;4;44-926
1569114185;3;44-927
1569114186;4;44-927
1569114386;3;44-928
1569114386;4;44-928
1569114586;3;44-929
1569114586;4;44-929
1569114786;3;44-930
1569114786;4;44-930
1569114986;3;44-931
1569114986;4;44-931
1569115186;3;44-932
1569115186;4;44-932
1569115386;3;44-933
1569115386;4;44-933
1569115586;3;44-934
1569115587;4;44-934
1569115786;3;44-935
1569115787;4;44-935
1569115986;3;44-936
1569115987;4;44-936
1569116186;3;44-937
1569116187;4;44-937
1569116386;3;44-938
1569116387;4;44-938
1569116587;3;44-939
1569116587;4;44-939
1569116787;3;44-940
1569116787;4;44-940
1569116987;3;44-941
1569116987;4;44-941
1569117187;3;44-942
1569117187;4;44-942
1569117387;3;44-943
1569117387;4;44-943
1569117587;3;44-944
1569117587;4;44-944
1569117787;3;44-945
1569117787;4;44-945
1569117987;3;44-946
1569117987;4;44-946
1569118187;3;44-947
1569118188;4;44-947
1569118387;3;44-948
1569118388;4;44-948
1569118587;3;44-949
1569118588;4;44-949
1569118787;3;44-950
1569118788;4;44-950
1569118988;3;44-951
1569118988;4;44-951
1569119188;3;44-952
1569119188;4;44-952
1569119388;3;44-953
1569119388;4;44-953
1569119588;3;44-954
1569119588;4;44-954
1569119788;3;44-955
1569119788;4;44-955
1569119988;3;44-956
1569119988;4;44-956
1569120188;3;44-957
1569120189;4;44-957
1569120388;3;44-958
1569120389;4;44-958
1569120588;3;44-959
1569120589;4;44-959
1569120788;3;44-960
1569120789;4;44-960
1569120988;3;44-961
1569120989;4;44-961
1569121189;3;44-962
1569121189;4;44-962
1569121389;3;44-963
1569121389;4;44-963
1569121589;3;44-964
1569121589;4;44-964
1569121789;3;44-965
1569121789;4;44-965
1569121989;3;44-966
1569121989;4;44-966
1569122189;3;44-967
1569122189;4;44-967
1569122389;3;44-968
1569122390;4;44-968
1569122589;3;44-969
1569122590;4;44-969
1569122789;3;44-970
1569122790;4;44-970
1569122989;3;44-971
1569122990;4;44-971
1569123189;3;44-972
1569123190;4;44-972
1569123390;3;44-973
1569123390;4;44-973
1569123590;3;44-974
1569123590;4;44-974
1569123790;3;44-975
1569123790;4;44-975
1569123990;3;44-976
1569123990;4;44-976
1569124190;3;44-977
1569124190;4;44-977
1569124390;3;44-978
1569124390;4;44-978
1569124590;3;44-979
1569124590;4;44-979
1569124790;3;44-980
1569124790;4;44-980
1569124990;3;44-981
1569124991;4;44-981
1569125190;3;44-982
1569125191;4;44-982
1569125390;3;44-983
1569125391;4;44-983
1569125591;3;44-984
1569125591;4;44-984
1569125791;3;44-985
1569125791;4;44-985
1569125991;3;44-986
1569125991;4;44-986
1569126191;3;44-987
1569126191;4;44-987
1569126391;3;44-988
1569126391;4;44-988
1569126591;3;44-989
1569126591;4;44-989
1569126791;3;44-990
1569126792;4;44-990
1569126991;3;44-991
1569126992;4;44-991
1569127191;3;44-992
1569127192;4;44-992
1569127391;3;44-993
1569127392;4;44-993
1569127591;3;44-994
1569127592;4;44-994
1569127792;3;44-995
1569127792;4;44-995
1569127992;3;44-996
1569127992;4;44-996
1569128192;3;44-997
1569128192;4;44-997
1569128392;3;44-998
1569128392;4;44-998
1569128592;3;44-999
1569128592;4;44-999
1569128792;3;44-1000
1569128792;4;44-1000
1569128992;3;44-1001
1569128992;4;44-1001
1569129192;3;44-1002
1569129192;4;44-1002
1569129392;3;44-1003
1569129393;4;44-1003
1569129592;3;44-1004
1569129593;4;44-1004
1569129792;3;44-1005
1569129793;4;44-1005
1569129993;3;44-1006
1569129993;4;44-1006
1569130193;3;44-1007
1569130193;4;44-1007
1569130393;3;44-1008
1569130393;4;44-1008
1569130593;3;44-1009
1569130593;4;44-1009
1569130793;3;44-1010
1569130793;4;44-1010
1569130993;3;44-1011
1569130993;4;44-1011
1569131193;3;44-1012
1569131194;4;44-1012
1569131393;3;44-1013
1569131394;4;44-1013
1569131593;3;44-1014
1569131594;4;44-1014
1569131793;3;44-1015
1569131794;4;44-1015
1569131993;3;44-1016
1569131994;4;44-1016
1569132194;3;44-1017
1569132194;4;44-1017
1569132394;3;44-1018
1569132394;4;44-1018
1569132594;3;44-1019
1569132594;4;44-1019
1569132794;3;44-1020
1569132794;4;44-1020
1569132994;3;44-1021
1569132994;4;44-1021
1569133194;3;44-1022
1569133194;4;44-1022
1569133394;3;44-1023
1569133395;4;44-1023
1569133594;3;44-1024
1569133595;4;44-1024
1569133794;3;44-1025
1569133795;4;44-1025
1569133994;3;44-1026
1569133995;4;44-1026
1569134195;3;44-1027
1569134195;4;44-1027
1569134395;3;44-1028
1569134395;4;44-1028
1569134595;3;44-1029
1569134595;4;44-1029
1569134795;3;44-1030
1569134795;4;44-1030
1569134995;3;44-1031
1569134995;4;44-1031
1569135195;3;44-1032
1569135195;4;44-1032
1569135395;3;44-1033
1569135395;4;44-1033
1569135595;3;44-1034
1569135596;4;44-1034
1569135795;3;44-1035
1569135796;4;44-1035
1569135995;3;44-1036
1569135996;4;44-1036
1569136195;3;44-1037
1569136196;4;44-1037
1569136396;3;44-1038
1569136396;4;44-1038
1569136596;3;44-1039
1569136596;4;44-1039
1569136796;3;44-1040
1569136796;4;44-1040
1569136996;3;44-1041
1569136996;4;44-1041
1569137196;3;44-1042
1569137196;4;44-1042
1569137396;3;44-1043
1569137396;4;44-1043
1569137596;3;44-1044
1569137596;4;44-1044
1569137796;3;44-1045
1569137797;4;44-1045
1569137996;3;44-1046
1569137997;4;44-1046
1569138196;3;44-1047
1569138197;4;44-1047
1569138396;3;44-1048
1569138397;4;44-1048
1569138597;3;44-1049
1569138597;4;44-1049
1569138797;3;44-1050
1569138797;4;44-1050
1569138997;3;44-1051
1569138997;4;44-1051
1569139197;3;44-1052
1569139197;4;44-1052
1569139397;3;44-1053
1569139397;4;44-1053
1569139597;3;44-1054
1569139597;4;44-1054
1569139797;3;44-1055
1569139797;4;44-1055
1569139997;3;44-1056
1569139998;4;44-1056
1569140197;3;44-1057
1569140198;4;44-1057
1569140397;3;44-1058
1569140398;4;44-1058
1569140597;3;44-1059
1569140598;4;44-1059
1569140798;3;44-1060
1569140798;4;44-1060
1569140998;3;44-1061
1569140998;4;44-1061
1569141198;3;44-1062
1569141198;4;44-1062
1569141398;3;44-1063
1569141398;4;44-1063
1569141598;3;44-1064
1569141598;4;44-1064
1569141798;3;44-1065
1569141798;4;44-1065
1569141998;3;44-1066
1569141998;4;44-1066
1569142198;3;44-1067
1569142199;4;44-1067
1569142398;3;44-1068
1569142399;4;44-1068
1569142598;3;44-1069
1569142599;4;44-1069
1569142798;3;44-1070
1569142799;4;44-1070
1569142999;3;44-1071
1569142999;4;44-1071
1569143199;3;44-1072
1569143199;4;44-1072
1569143399;3;44-1073
1569143399;4;44-1073
1569143599;3;44-1074
1569143599;4;44-1074
1569143799;3;44-1075
1569143799;4;44-1075
1569143999;3;44-1076
1569143999;4;44-1076
1569144199;3;44-1077
1569144200;4;44-1077
1569144399;3;44-1078
1569144400;4;44-1078
1569144599;3;44-1079
1569144600;4;44-1079
1569144799;3;44-1080
1569144800;4;44-1080
1569144999;3;44-1081
1569145000;4;44-1081
1569145200;3;44-1082
1569145200;4;44-1082
1569145400;3;44-1083
1569145400;4;44-1083
1569145600;3;44-1084
1569145600;4;44-1084
1569145800;3;44-1085
1569145800;4;44-1085
1569146000;3;44-1086
1569146000;4;44-1086
1569146200;3;44-1087
1569146200;4;44-1087
1569146400;3;44-1088
1569146401;4;44-1088
1569146600;3;44-1089
1569146601;4;44-1089
1569146800;3;44-1090
1569146801;4;44-1090
1569147000;3;44-1091
1569147001;4;44-1091
1569147201;3;44-1092
1569147201;4;44-1092
1569147401;3;44-1093
1569147401;4;44-1093
1569147601;3;44-1094
1569147601;4;44-1094
1569147801;3;44-1095
1569147801;4;44-1095
1569148001;3;44-1096
1569148001;4;44-1096
1569148201;3;44-1097
1569148201;4;44-1097
1569148401;3;44-1098
1569148402;4;44-1098
1569148601;3;44-1099
1569148602;4;44-1099
1569148801;3;44-1100
1569148802;4;44-1100
1569149001;3;44-1101
1569149002;4;44-1101
1569149201;3;44-1102
1569149202;4;44-1102
1569149402;3;44-1103
1569149402;4;44-1103
1569149602;3;44-1104
1569149602;4;44-1104
1569149802;3;44-1105
1569149802;4;44-1105
1569150002;3;44-1106
1569150002;4;44-1106
1569150202;3;44-1107
1569150202;4;44-1107
1569150402;3;44-1108
1569150402;4;44-1108
1569150602;3;44-1109
1569150603;4;44-1109
1569150802;3;44-1110
1569150803;4;44-1110
1569151002;3;44-1111
1569151003;4;44-1111
1569151202;3;44-1112
1569151203;4;44-1112
1569151402;3;44-1113
1569151403;4;44-1113
1569151603;3;44-1114
1569151603;4;44-1114
1569151803;3;44-1115
1569151803;4;44-1115
1569152003;3;44-1116
1569152003;4;44-1116
1569152203;3;44-1117
1569152203;4;44-1117
1569152403;3;44-1118
1569152403;4;44-1118
1569152603;3;44-1119
1569152603;4;44-1119
1569152803;3;44-1120
1569152804;4;44-1120
1569153003;3;44-1121
1569153004;4;44-1121
1569153203;3;44-1122
1569153204;4;44-1122
1569153403;3;44-1123
1569153404;4;44-1123
1569153604;3;44-1124
1569153604;4;44-1124
1569153804;3;44-1125
1569153804;4;44-1125
1569154004;3;44-1126
1569154004;4;44-1126
1569154204;3;44-1127
1569154204;4;44-1127
1569154404;3;44-1128
1569154404;4;44-1128
1569154604;3;44-1129
1569154604;4;44-1129
1569154804;3;44-1130
1569154805;4;44-1130
1569155004;3;44-1131
1569155005;4;44-1131
1569155204;3;44-1132
1569155205;4;44-1132
1569155404;3;44-1133
1569155405;4;44-1133
1569155604;3;44-1134
1569155605;4;44-1134
1569155805;3;44-1135
1569155805;4;44-1135
1569156005;3;44-1136
1569156005;4;44-1136
1569156205;3;44-1137
1569156205;4;44-1137
1569156405;3;44-1138
1569156405;4;44-1138
1569156605;3;44-1139
1569156605;4;44-1139
1569156805;3;44-1140
1569156805;4;44-1140
1569157005;3;44-1141
1569157005;4;44-1141
1569157205;3;44-1142
1569157206;4;44-1142
1569157405;3;44-1143
1569157406;4;44-1143
1569157605;3;44-1144
1569157606;4;44-1144
1569157805;3;44-1145
1569157806;4;44-1145
1569158006;3;44-1146
1569158006;4;44-1146
1569158206;3;44-1147
1569158206;4;44-1147
1569158406;3;44-1148
1569158406;4;44-1148
1569158606;3;44-1149
1569158606;4;44-1149
1569158806;3;44-1150
1569158806;4;44-1150
1569159006;3;44-1151
1569159006;4;44-1151
1569159206;3;44-1152
1569159206;4;44-1152
1569159406;3;44-1153
1569159407;4;44-1153
1569159606;3;44-1154
1569159607;4;44-1154
1569159806;3;44-1155
1569159807;4;44-1155
1569160006;3;44-1156
1569160007;4;44-1156
1569160207;3;44-1157
1569160207;4;44-1157
1569160407;3;44-1158
1569160407;4;44-1158
1569160607;3;44-1159
1569160607;4;44-1159
1569160807;3;44-1160
1569160807;4;44-1160
1569161007;3;44-1161
1569161007;4;44-1161
1569161207;3;44-1162
1569161207;4;44-1162
1569161407;3;44-1163
1569161408;4;44-1163
1569161607;3;44-1164
1569161608;4;44-1164
1569161807;3;44-1165
1569161808;4;44-1165
1569162007;3;44-1166
1569162008;4;44-1166
1569162207;3;44-1167
1569162208;4;44-1167
1569162408;3;44-1168
1569162408;4;44-1168
1569162608;3;44-1169
1569162608;4;44-1169
1569162808;3;44-1170
1569162808;4;44-1170
1569163008;3;44-1171
1569163008;4;44-1171
1569163208;3;44-1172
1569163208;4;44-1172
1569163408;3;44-1173
1569163408;4;44-1173
1569163608;3;44-1174
1569163609;4;44-1174
1569163808;3;44-1175
1569163809;4;44-1175
1569164008;3;44-1176
1569164009;4;44-1176
1569164208;3;44-1177
1569164209;4;44-1177
1569164408;3;44-1178
1569164409;4;44-1178
1569164609;3;44-1179
1569164609;4;44-1179
1569164809;3;44-1180
1569164809;4;44-1180
1569165009;3;44-1181
1569165009;4;44-1181
1569165209;3;44-1182
1569165209;4;44-1182
1569165409;3;44-1183
1569165409;4;44-1183
1569165609;3;44-1184
1569165609;4;44-1184
1569165809;3;44-1185
1569165809;4;44-1185
1569166009;3;44-1186
1569166010;4;44-1186
1569166209;3;44-1187
1569166210;4;44-1187
1569166409;3;44-1188
1569166410;4;44-1188
1569166609;3;44-1189
1569166610;4;44-1189
1569166810;3;44-1190
1569166810;4;44-1190
1569167010;3;44-1191
1569167010;4;44-1191
1569167210;3;44-1192
1569167210;4;44-1192
1569167410;3;44-1193
1569167410;4;44-1193
1569167610;3;44-1194
1569167610;4;44-1194
1569167810;3;44-1195
1569167810;4;44-1195
1569168010;3;44-1196
1569168010;4;44-1196
1569168210;3;44-1197
1569168211;4;44-1197
1569168410;3;44-1198
1569168411;4;44-1198
1569168610;3;44-1199
1569168611;4;44-1199
1569168810;3;44-1200
1569168811;4;44-1200
1569169011;3;44-1201
1569169011;4;44-1201
1569169211;3;44-1202
1569169211;4;44-1202
1569169411;3;44-1203
1569169411;4;44-1203
1569169611;3;44-1204
1569169611;4;44-1204
1569169811;3;44-1205
1569169811;4;44-1205
1569170011;3;44-1206
1569170011;4;44-1206
1569170211;3;44-1207
1569170212;4;44-1207
1569170411;3;44-1208
1569170412;4;44-1208
1569170611;3;44-1209
1569170612;4;44-1209
1569170811;3;44-1210
1569170812;4;44-1210
1569171012;3;44-1211
1569171012;4;44-1211
1569171212;3;44-1212
1569171212;4;44-1212
1569171412;3;44-1213
1569171412;4;44-1213
1569171612;3;44-1214
1569171612;4;44-1214
1569171812;3;44-1215
1569171812;4;44-1215
1569172012;3;44-1216
1569172012;4;44-1216
1569172212;3;44-1217
1569172212;4;44-1217
1569172412;3;44-1218
1569172413;4;44-1218
1569172612;3;44-1219
1569172613;4;44-1219
1569172812;3;44-1220
1569172813;4;44-1220
1569173012;3;44-1221
1569173013;4;44-1221
1569173213;3;44-1222
1569173213;4;44-1222
1569173413;3;44-1223
1569173413;4;44-1223
1569173613;3;44-1224
1569173613;4;44-1224
1569173813;3;44-1225
1569173813;4;44-1225
1569174013;3;44-1226
1569174013;4;44-1226
1569174213;3;44-1227
1569174213;4;44-1227
1569174413;3;44-1228
1569174413;4;44-1228
1569174613;3;44-1229
1569174614;4;44-1229
1569174813;3;44-1230
1569174814;4;44-1230
1569175013;3;44-1231
1569175014;4;44-1231
1569175213;3;44-1232
1569175214;4;44-1232
1569175414;3;44-1233
1569175414;4;44-1233
1569175614;3;44-1234
1569175614;4;44-1234
1569175814;3;44-1235
1569175814;4;44-1235
1569176014;3;44-1236
1569176014;4;44-1236
1569176214;3;44-1237
1569176214;4;44-1237
1569176414;3;44-1238
1569176414;4;44-1238
1569176614;3;44-1239
1569176615;4;44-1239
1569176814;3;44-1240
1569176815;4;44-1240
1569177014;3;44-1241
1569177015;4;44-1241
1569177214;3;44-1242
1569177215;4;44-1242
1569177414;3;44-1243
1569177415;4;44-1243
1569177615;3;44-1244
1569177615;4;44-1244
1569177815;3;44-1245
1569177815;4;44-1245
1569178015;3;44-1246
1569178015;4;44-1246
1569178215;3;44-1247
1569178215;4;44-1247
1569178415;3;44-1248
1569178415;4;44-1248
1569178615;3;44-1249
1569178615;4;44-1249
1569178815;3;44-1250
1569178815;4;44-1250
1569179015;3;44-1251
1569179016;4;44-1251
1569179215;3;44-1252
1569179216;4;44-1252
1569179415;3;44-1253
1569179416;4;44-1253
1569179615;3;44-1254
1569179616;4;44-1254
1569179816;3;44-1255
1569179816;4;44-1255
1569180016;3;44-1256
1569180016;4;44-1256
1569180216;3;44-1257
1569180216;4;44-1257
1569180416;3;44-1258
1569180416;4;44-1258
1569180616;3;44-1259
1569180616;4;44-1259
1569180816;3;44-1260
1569180817;4;44-1260
1569181016;3;44-1261
1569181016;4;44-1261
1569181216;3;44-1262
1569181217;4;44-1262
1569181416;3;44-1263
1569181417;4;44-1263
1569181616;3;44-1264
1569181617;4;44-1264
1569181816;3;44-1265
1569181817;4;44-1265
1569182017;3;44-1266
1569182017;4;44-1266
1569182217;3;44-1267
1569182217;4;44-1267
1569182417;3;44-1268
1569182417;4;44-1268
1569182617;3;44-1269
1569182617;4;44-1269
1569182817;3;44-1270
1569182817;4;44-1270
1569183017;3;44-1271
1569183017;4;44-1271
1569183217;3;44-1272
1569183217;4;44-1272
1569183417;3;44-1273
1569183418;4;44-1273
1569183617;3;44-1274
1569183618;4;44-1274
1569183817;3;44-1275
1569183818;4;44-1275
1569184017;3;44-1276
1569184018;4;44-1276
1569184218;3;44-1277
1569184218;4;44-1277
1569184418;3;44-1278
1569184418;4;44-1278
1569184618;3;44-1279
1569184618;4;44-1279
1569184818;3;44-1280
1569184818;4;44-1280
1569185018;3;44-1281
1569185018;4;44-1281
1569185218;3;44-1282
1569185219;4;44-1282
1569185418;3;44-1283
1569185418;4;44-1283
1569185618;3;44-1284
1569185619;4;44-1284
1569185818;3;44-1285
1569185819;4;44-1285
1569186018;3;44-1286
1569186019;4;44-1286
1569186218;3;44-1287
1569186219;4;44-1287
1569186419;3;44-1288
1569186419;4;44-1288
1569186619;3;44-1289
1569186619;4;44-1289
1569186819;3;44-1290
1569186819;4;44-1290
1569187019;3;44-1291
1569187019;4;44-1291
1569187219;3;44-1292
1569187219;4;44-1292
1569187419;3;44-1293
1569187419;4;44-1293
1569187619;3;44-1294
1569187620;4;44-1294
1569187819;3;44-1295
1569187820;4;44-1295
1569188019;3;44-1296
1569188020;4;44-1296
1569188219;3;44-1297
1569188220;4;44-1297
1569188420;3;44-1298
1569188420;4;44-1298
1569188620;3;44-1299
1569188620;4;44-1299
1569188820;3;44-1300
1569188820;4;44-1300
1569189020;3;44-1301
1569189020;4;44-1301
1569189220;3;44-1302
1569189220;4;44-1302
1569189420;3;44-1303
1569189420;4;44-1303
1569189620;3;44-1304
1569189621;4;44-1304
1569189820;3;44-1305
1569189821;4;44-1305
1569190020;3;44-1306
1569190021;4;44-1306
1569190220;3;44-1307
1569190221;4;44-1307
1569190420;3;44-1308
1569190421;4;44-1308
1569190621;3;44-1309
1569190621;4;44-1309
1569190821;3;44-1310
1569190821;4;44-1310
1569191021;3;44-1311
1569191021;4;44-1311
1569191221;3;44-1312
1569191221;4;44-1312
1569191421;3;44-1313
1569191421;4;44-1313
1569191621;3;44-1314
1569191621;4;44-1314
1569191821;3;44-1315
1569191822;4;44-1315
1569192021;3;44-1316
1569192021;4;44-1316
1569192221;3;44-1317
1569192222;4;44-1317
1569192421;3;44-1318
1569192422;4;44-1318
1569192621;3;44-1319
1569192622;4;44-1319
1569192822;3;44-1320
1569192822;4;44-1320
1569193022;3;44-1321
1569193022;4;44-1321
1569193222;3;44-1322
1569193222;4;44-1322
1569193422;3;44-1323
1569193422;4;44-1323
1569193622;3;44-1324
1569193622;4;44-1324
1569193822;3;44-1325
1569193822;4;44-1325
1569194022;3;44-1326
1569194023;4;44-1326
1569194222;3;44-1327
1569194223;4;44-1327
1569194422;3;44-1328
1569194423;4;44-1328
1569194622;3;44-1329
1569194623;4;44-1329
1569194822;3;44-1330
1569194823;4;44-1330
1569195023;3;44-1331
1569195023;4;44-1331
1569195223;3;44-1332
1569195223;4;44-1332
1569195423;3;44-1333
1569195423;4;44-1333
1569195623;3;44-1334
1569195623;4;44-1334
1569195823;3;44-1335
1569195823;4;44-1335
1569196023;3;44-1336
1569196023;4;44-1336
1569196223;3;44-1337
1569196223;4;44-1337
1569196423;3;44-1338
1569196424;4;44-1338
1569196623;3;44-1339
1569196624;4;44-1339
1569196823;3;44-1340
1569196824;4;44-1340
1569197023;3;44-1341
1569197024;4;44-1341
1569197224;3;44-1342
1569197224;4;44-1342
1569197424;3;44-1343
1569197424;4;44-1343
1569197624;3;44-1344
1569197624;4;44-1344
1569197824;3;44-1345
1569197824;4;44-1345
1569198024;3;44-1346
1569198024;4;44-1346
1569198224;3;44-1347
1569198224;4;44-1347
1569198424;3;44-1348
1569198425;4;44-1348
1569198624;3;44-1349
1569198625;4;44-1349
1569198824;3;44-1350
1569198825;4;44-1350
1569199024;3;44-1351
1569199025;4;44-1351
1569199224;3;44-1352
1569199225;4;44-1352
1569199425;3;44-1353
1569199425;4;44-1353
1569199625;3;44-1354
1569199625;4;44-1354
1569199825;3;44-1355
1569199825;4;44-1355
1569200025;3;44-1356
1569200025;4;44-1356
1569200225;3;44-1357
1569200225;4;44-1357
1569200425;3;44-1358
1569200425;4;44-1358
1569200625;3;44-1359
1569200625;4;44-1359
1569200825;3;44-1360
1569200826;4;44-1360
1569201025;3;44-1361
1569201026;4;44-1361
1569201225;3;44-1362
1569201226;4;44-1362
1569201425;3;44-1363
1569201426;4;44-1363
1569201626;3;44-1364
1569201626;4;44-1364
1569201826;3;44-1365
1569201826;4;44-1365
1569202026;3;44-1366
1569202026;4;44-1366
1569202226;3;44-1367
1569202226;4;44-1367
1569202426;3;44-1368
1569202426;4;44-1368
1569202626;3;44-1369
1569202626;4;44-1369
1569202826;3;44-1370
1569202826;4;44-1370
1569203026;3;44-1371
1569203027;4;44-1371
1569203226;3;44-1372
1569203227;4;44-1372
1569203426;3;44-1373
1569203427;4;44-1373
1569203626;3;44-1374
1569203627;4;44-1374
1569203827;3;44-1375
1569203827;4;44-1375
1569204027;3;44-1376
1569204027;4;44-1376
1569204227;3;44-1377
1569204227;4;44-1377
1569204427;3;44-1378
1569204427;4;44-1378
1569204627;3;44-1379
1569204627;4;44-1379
1569204827;3;44-1380
1569204827;4;44-1380
1569205027;3;44-1381
1569205027;4;44-1381
1569205227;3;44-1382
1569205228;4;44-1382
1569205427;3;44-1383
1569205428;4;44-1383
1569205627;3;44-1384
1569205628;4;44-1384
1569205827;3;44-1385
1569205828;4;44-1385
1569206028;3;44-1386
1569206028;4;44-1386
1569206228;3;44-1387
1569206228;4;44-1387
1569206428;3;44-1388
1569206428;4;44-1388
1569206628;3;44-1389
1569206628;4;44-1389
1569206828;3;44-1390
1569206828;4;44-1390
1569207028;3;44-1391
1569207028;4;44-1391
1569207228;3;44-1392
1569207228;4;44-1392
1569207428;3;44-1393
1569207429;4;44-1393
1569207628;3;44-1394
1569207629;4;44-1394
1569207828;3;44-1395
1569207829;4;44-1395
1569208029;3;44-1396
1569208029;4;44-1396
1569208229;3;44-1397
1569208229;4;44-1397
1569208429;3;44-1398
1569208429;4;44-1398
1569208629;3;44-1399
1569208629;4;44-1399
1569208829;3;44-1400
1569208829;4;44-1400
1569209029;3;44-1401
1569209029;4;44-1401
1569209229;3;44-1402
1569209229;4;44-1402
1569209429;3;44-1403
1569209429;4;44-1403
1569209629;3;44-1404
1569209630;4;44-1404
1569209829;3;44-1405
1569209830;4;44-1405
1569210029;3;44-1406
1569210030;4;44-1406
1569210230;3;44-1407
1569210230;4;44-1407
1569210430;3;44-1408
1569210430;4;44-1408
1569210630;3;44-1409
1569210630;4;44-1409
1569210830;3;44-1410
1569210830;4;44-1410
1569211030;3;44-1411
1569211030;4;44-1411
1569211230;3;44-1412
1569211230;4;44-1412
1569211430;3;44-1413
1569211430;4;44-1413
1569211630;3;44-1414
1569211631;4;44-1414
1569211830;3;44-1415
1569211831;4;44-1415
1569212030;3;44-1416
1569212031;4;44-1416
1569212230;3;44-1417
1569212231;4;44-1417
1569212431;3;44-1418
1569212431;4;44-1418
1569212631;3;44-1419
1569212631;4;44-1419
1569212831;3;44-1420
1569212831;4;44-1420
1569213031;3;44-1421
1569213031;4;44-1421
1569213231;3;44-1422
1569213231;4;44-1422
1569213431;3;44-1423
1569213431;4;44-1423
1569213631;3;44-1424
1569213632;4;44-1424
1569213831;3;44-1425
1569213832;4;44-1425
1569214031;3;44-1426
1569214032;4;44-1426
1569214231;3;44-1427
1569214232;4;44-1427
1569214432;3;44-1428
1569214432;4;44-1428
1569214632;3;44-1429
1569214632;4;44-1429
1569214832;3;44-1430
1569214832;4;44-1430
1569215032;3;44-1431
1569215032;4;44-1431
1569215232;3;44-1432
1569215232;4;44-1432
1569215432;3;44-1433
1569215432;4;44-1433
1569215632;3;44-1434
1569215632;4;44-1434
1569215832;3;44-1435
1569215833;4;44-1435
1569216032;3;44-1436
1569216033;4;44-1436
1569216232;3;44-1437
1569216233;4;44-1437
1569216432;3;44-1438
1569216433;4;44-1438
1569216633;3;44-1439
1569216633;4;44-1439
1569216833;3;44-1440
1569216833;4;44-1440
1569217033;3;44-1441
1569217033;4;44-1441
1569217233;3;44-1442
1569217233;4;44-1442
1569217433;3;44-1443
1569217433;4;44-1443
1569217633;3;44-1444
1569217633;4;44-1444
1569217833;3;44-1445
1569217833;4;44-1445
1569218033;3;44-1446
1569218034;4;44-1446
1569218233;3;44-1447
1569218234;4;44-1447
1569218433;3;44-1448
1569218434;4;44-1448
1569218633;3;44-1449
1569218634;4;44-1449
1569218833;3;44-1450
1569218834;4;44-1450
1569219034;3;44-1451
1569219034;4;44-1451
1569219234;3;44-1452
1569219234;4;44-1452
1569219434;3;44-1453
1569219434;4;44-1453
1569219634;3;44-1454
1569219634;4;44-1454
1569219834;3;44-1455
1569219834;4;44-1455
1569220034;3;44-1456
1569220034;4;44-1456
1569220234;3;44-1457
1569220234;4;44-1457
1569220434;3;44-1458
1569220435;4;44-1458
1569220634;3;44-1459
1569220635;4;44-1459
1569220834;3;44-1460
1569220835;4;44-1460
1569221035;3;44-1461
1569221035;4;44-1461
1569221235;3;44-1462
1569221235;4;44-1462
1569221435;3;44-1463
1569221435;4;44-1463
1569221635;3;44-1464
1569221636;4;44-1464
1569221835;3;44-1465
1569221836;4;44-1465
1569222035;3;44-1466
1569222036;4;44-1466
1569222235;3;44-1467
1569222236;4;44-1467
1569222435;3;44-1468
1569222436;4;44-1468
1569222636;3;44-1469
1569222636;4;44-1469
1569222836;3;44-1470
1569222836;4;44-1470
1569223036;3;44-1471
1569223036;4;44-1471
1569223236;3;44-1472
1569223236;4;44-1472
1569223436;3;44-1473
1569223436;4;44-1473
1569223636;3;44-1474
1569223636;4;44-1474
1569223836;3;44-1475
1569223837;4;44-1475
1569224036;3;44-1476
1569224037;4;44-1476
1569224236;3;44-1477
1569224237;4;44-1477
1569224436;3;44-1478
1569224437;4;44-1478
1569224636;3;44-1479
1569224637;4;44-1479
1569224837;3;44-1480
1569224837;4;44-1480
1569225037;3;44-1481
1569225037;4;44-1481
1569225237;3;44-1482
1569225237;4;44-1482
1569225437;3;44-1483
1569225437;4;44-1483
1569225637;3;44-1484
1569225637;4;44-1484
1569225837;3;44-1485
1569225837;4;44-1485
1569226037;3;44-1486
1569226037;4;44-1486
1569226237;3;44-1487
1569226238;4;44-1487
1569226437;3;44-1488
1569226438;4;44-1488
1569226637;3;44-1489
1569226638;4;44-1489
1569226837;3;44-1490
1569226838;4;44-1490
1569227038;3;44-1491
1569227038;4;44-1491
1569227238;3;44-1492
1569227238;4;44-1492
1569227438;3;44-1493
1569227438;4;44-1493
1569227638;3;44-1494
1569227638;4;44-1494
1569227838;3;44-1495
1569227838;4;44-1495
1569228038;3;44-1496
1569228038;4;44-1496
1569228238;3;44-1497
1569228239;4;44-1497
1569228438;3;44-1498
1569228439;4;44-1498
1569228638;3;44-1499
1569228639;4;44-1499
1569228838;3;44-1500
1569228839;4;44-1500
1569229039;3;44-1501
